0 10056
1 2165
2 1318
3 836
4 544
5 348
6 268
7 228
8 152
9 110
10 96
11 92
12 58
13 75
14 54
15 61
16 55
17 37
18 35
19 39
20 30
21 23
22 22
23 21
24 20
25 19
26 14
27 15
28 14
29 19
30 17
31 9
32 19
33 12
34 14
35 10
36 18
37 5
38 8
39 5
40 5
41 4
42 9
43 6
44 8
45 7
46 7
47 5
48 4
49 6
50 7
51 7
52 10
53 5
54 2
55 5
56 3
57 3
58 2
59 2
60 3
61 7
62 4
63 4
64 3
65 4
66 3
67 3
68 3
69 1
70 2
71 3
72 4
73 2
74 1
75 6
76 2
77 4
78 5
79 2
80 6
81 1
82 2
83 5
84 2
85 2
87 2
88 2
89 3
90 2
91 4
92 3
93 2
94 3
95 1
96 2
97 1
99 1
100 1
103 3
105 2
106 3
107 1
109 1
110 2
111 1
112 3
114 2
115 1
116 1
117 1
118 1
119 1
120 3
121 3
122 1
123 1
125 1
132 1
133 1
134 1
135 2
136 1
139 1
141 2
143 2
144 1
146 1
147 1
148 1
152 1
153 1
157 1
159 1
164 1
166 2
167 1
171 1
186 1
187 1
188 1
191 1
193 1
194 2
200 1
207 1
214 1
217 1
218 1
220 1
232 2
234 1
235 1
237 1
238 1
240 1
242 1
252 1
257 1
260 1
265 1
272 1
280 2
288 1
292 2
296 1
308 1
312 1
325 1
335 1
337 1
344 1
345 1
358 1
367 1
368 1
378 1
398 1
415 1
420 1
491 1
507 1
523 1
542 1
552 1
589 1
652 1
667 1
673 1
720 1
800 1
830 1
831 1
851 1
875 1
893 1
897 1
1012 1
1178 1
1380 1
1486 1
1489 1
1612 1
1729 1
2048 1
2512 1
2966 1
5091 1
12592 1
14305 1
