#rname	startpos	endpos	numreads	covbases	coverage	meandepth	meanbaseq	meanmapq
D310	1	3042177	1921	50953	1.67489	0.0442851	34	52.3
D311	1	1819233	4201	53805	2.95757	0.192456	34.2	56.4
D312	1	739166	4604	74744	10.1119	0.364148	35.3	50.2
D313	1	372385	25754	156191	41.9434	6.35887	36	56.8
D314	1	1431691	3508	109289	7.63356	0.20982	34.5	56
D315	1	1805875	78013	302287	16.7391	3.55433	36.1	55.3
D316	1	995631	18783	109596	11.0077	1.76126	35.2	58.9
D317	1	2547326	12589	309768	12.1605	0.425793	35.2	56.9
D318	1	219429	56	2448	1.11562	0.018776	34.5	55.8
D319	1	245490	162	5083	2.07055	0.0444132	33.6	52.6
D31	1	1312329	16089	119177	9.08134	0.759846	35.6	32.1
D320	1	634360	1937	49897	7.86572	0.231788	36.1	54.4
D321	1	1309988	5778	150395	11.4806	0.385731	34.7	58.5
D322	1	483896	3351	77836	16.0853	0.629896	35.4	58.9
D323	1	1507468	1209	25956	1.72183	0.0586374	33.8	52.7
D324	1	3156136	16145	273853	8.67684	0.36601	36.3	53.5
D325	1	1952133	2693	61330	3.14169	0.0979385	35.3	53.5
D326	1	3499796	1089	22195	0.63418	0.0186514	33.6	50.1
D327	1	949272	4458	16778	1.76746	0.124988	34.7	41.9
D328	1	558489	1167	31199	5.58632	0.175085	34	57.9
D329	1	2545660	8268	145137	5.70135	0.252985	34.4	56.3
D32	1	828357	3380	108221	13.0645	0.361874	35.2	58.3
D330	1	1426610	7692	178394	12.5047	0.441739	35.6	56.1
D33	1	585333	1536	52110	8.90262	0.233127	35.3	58.4
D34	1	1768259	6481	177230	10.0229	0.30394	35.7	56.6
D35	1	351478	20170	118593	33.7412	4.9897	36	53.4
D36	1	617450	16054	94910	15.3713	2.27636	36.1	53
D37	1	2022582	6884	193200	9.55215	0.295007	34.5	56.9
D38	1	863444	329	12076	1.39859	0.0244891	33.8	53.5
D39	1	724344	36850	256075	35.3527	4.6542	36.2	55.7
allbins_concat	1	0	0	0	-nan	-nan	0	0
