0 26990
1 3252
2 2061
3 1314
4 893
5 612
6 423
7 348
8 231
9 182
10 169
11 101
12 101
13 95
14 84
15 68
16 68
17 47
18 48
19 55
20 45
21 36
22 41
23 26
24 31
25 24
26 27
27 27
28 18
29 22
30 22
31 15
32 23
33 17
34 18
35 16
36 18
37 19
38 11
39 13
40 11
41 17
42 16
43 10
44 10
45 9
46 9
47 6
48 9
49 12
50 5
51 3
52 3
53 3
54 6
55 3
56 5
57 4
58 7
59 6
60 3
61 4
62 2
64 3
65 4
66 3
67 1
68 2
69 3
70 1
71 8
72 2
73 2
74 1
75 2
76 3
77 1
78 5
79 4
80 6
81 6
82 2
83 2
84 1
85 1
86 3
87 3
88 3
89 2
90 4
91 1
92 2
94 1
95 1
96 1
97 1
99 1
100 2
101 1
102 1
103 2
105 1
107 3
110 1
111 3
112 2
115 1
116 1
118 1
119 1
120 3
122 1
125 1
126 2
127 1
128 1
129 2
130 3
133 1
134 2
135 1
137 1
138 1
139 1
150 1
151 1
152 2
154 1
155 1
156 1
158 1
164 1
165 1
169 1
172 3
180 1
182 1
186 1
190 1
191 1
192 1
193 2
198 1
199 1
202 1
207 1
210 1
218 1
221 1
223 2
232 1
246 1
248 1
257 1
258 1
262 2
270 1
290 1
295 1
301 1
306 1
326 1
330 1
352 1
356 1
360 1
366 1
372 1
386 1
398 1
403 1
405 1
410 1
427 1
438 1
447 1
451 2
476 1
481 1
501 1
515 1
555 1
571 1
599 1
632 1
690 1
787 1
796 1
826 1
880 1
893 1
907 1
1015 1
1020 1
1065 1
1072 1
1155 1
1235 1
1382 1
1392 1
1694 1
1750 1
2278 1
2468 1
5593 1
5837 1
6585 1
