#rname	startpos	endpos	numreads	covbases	coverage	meandepth	meanbaseq	meanmapq
D110	1	560141	1788	44581	7.95889	0.258938	35.3	55.1
D111	1	907235	15678	188123	20.7359	1.41397	36.2	53.1
D112	1	573022	788	31980	5.58094	0.111666	34.7	57.2
D113	1	394166	1963	39519	10.026	0.334765	36.2	52.7
D114	1	1012316	50340	174040	17.1923	4.64923	35	59.2
D115	1	681188	22051	146060	21.442	2.61262	35.7	57.6
D116	1	1096399	8593	32476	2.96206	0.467906	34.2	36.7
D11	1	1067513	35094	380187	35.6143	2.87038	36.2	55.8
D12	1	610204	75247	287371	47.0943	11.2896	36.1	58.3
D13	1	2500655	2572	57769	2.31015	0.0624164	34.4	51.7
D14	1	209140	1275	44241	21.1538	0.549914	35.4	58.6
D15	1	880711	8931	32875	3.73278	0.648172	34.3	36.3
D16	1	1283482	5714	68799	5.36034	0.231205	35.1	53.2
D17	1	3483632	52435	623245	17.8907	1.15114	36.3	54.8
D18	1	1345502	3514	108946	8.09705	0.211722	34.6	56.7
D19	1	1134686	6185	159071	14.0189	0.42932	35.2	49.9
allbins_concat	1	0	0	0	-nan	-nan	0	0
